-20130614223147
-20130614223342
-20130614223345
-20130614223423
-20130614223427
-20130614223430
-20130614223433
-20130614223441
-20130614223445
-20130614223752
-20130614223755
-20130614231709
-20130614232155
-20130614232411
-20130614232434
-20130614232501
-20130614232606
-20130615114457
-20130615120650
-20130615181858
-20130615181909
-20130615181958
-20130615182003
-20130615182006
-20130615203655
-20130615203658
-20130615204019
-20130615204058
-20130615204650
-20130615204655
-20130615204712
-20130615214309
-20130615214314
-20130616145205
-20130616145208
-20130616145210
-20130616145213
-20130616145216
-20130616145413
-20130616145416
-20130616145419
-20130616145422
-20130616145501
-20130616150726
-20130616204651
-20130616204659
-20130616213823
-20130617163258
-20130617163325
-20130621213846
-20130624154026
-20130624154036
-20130625155242
-20130625155248
-20130625155254
-20130625155330
-20130628194327
-20130628194417
-20130630143136
-20130630143141
-20130630143144
-20130630143508
-20130630143600
-20130630143626
-20130630143646
-20130630143648
-20130630143654
-20130701154402
-20130701161152
-20130701161211
-20130701161213
-20130701161215
-20130702142002
-20130702150658
-20130702150731
-20130702150816
-20130702151304
-20130702151307
-20130702151309
-20130702151312
-20130702151314
-20130702151317
-20130702151319
-20130702151321
-20130702151323
-20130702151325
-20130702151327
-20130702151329
-20130702151330
-20130702151334
-20130702151336
-20130702151338
-20130702151340
-20130702151342
-20130702151346
